233168
4613732
6857
906609
232792560
25164150
104743
40824
31875000
142913828922
26
10
5537376230
837799
137846528820
1366
21124
3
171
648
31626
871198282
4179871
2783915460
4782
983
-59231
21
9183
443839
73682
45228
100
40730
55
872187
748317
932718654
840
210
7652413
162
16695334890
5482660
1533776805
5777
134043
9110846700
296962999629
997651
121313
142857
4075
1
249
972
153
37
107359
26033
28684
127035954683
49
1322
272
661
3
6531031914842725
510510
8319823
428570
303963552391
7295372
402
161667
190569291
71
55374
73162890
40886
131
234
131
101524
2772